62544 6462 56082
1009745 42343 967402
309371 36589 272782
236541 27341 209200
194787 20403 174384
131736 13602 118134
260783 26298 234485
147886 15109 132777
129637 13564 116073
155821 16148 139673
226038 24652 201386
185314 18426 166888
1049791 79385 970406
384832 39539 345293
157755 16325 141430
947777 77206 870571
128289 13267 115022
180190 18302 161888
1059414 93794 965620
990266 91846 898420
277689 30446 247243
235432 23872 211560
139995 14868 125127
382847 36921 345926
545976 53282 492694
1670933 188532 1482401
773789 60264 713525
312969 32115 280854
